128170
127996
128079
128077
128514
128557
128540
128526
128591
127881
128046
128516
129300
127880
127758
128167
127801
128053
127925
127926
127932
127748
128018
127866
127864
127863
127867
127854
127800
127809
127799
127802
127803
127794
127795
127796
127808
127804
128148
128155
128149
127754
128313
128165
128140
128142
128162
128293
128146
128668
128034
128047
128028
128031
128032
128033
127811
127807
127806
127969
127968
128200
127759
128201
127757
128315
127919
128259
127762
128021
128048
128309
127775
128166
127810
128269
128270
128161
127851
127852
128062
127776
128168
128555
128517
128561
128529
128556
128131
128530
128536
128522
128071
128003
128059
128444
128539
128560
128554
128524
128513
128565
128537
128545
128566
129301
128563
128581
129296
127817
128586
129297
128023
127995
128013
128525
128640
142695
129303
128164
128020
164717
128076
128027
128104